19.211 000013 38.123 000019 000065 19.275 61.973 000031 16.203 
10.343 000038 000048 53.078 32.671 32.157  1.909 000041 98.109 000040 
87.785 93.297 000009 42.130 000097 91.364 53.026 000018 29.480 000056 
83.659 000044 000063 000094 70.952 90.025 16.432 87.483 64.541 000014 
53.581 40.280 36.785 000022 000007 28.368  0.902 76.438 78.149 59.320 
65.740 000034 000022 000091 80.790 000060 000013 21.358 45.411 98.071 
44.473 95.537 000004 83.457 78.319 82.198 000032 58.544 000099 000077 
000000 89.623 96.594 000007 000080 000017 36.671 000044 000065 16.809 
000090 000037 000007 45.771 000081 000026 65.008 55.497 000080 87.368 
25.110 000016 000030 000046  7.686 000017 89.631 000082 000087 92.005 
16.870 000013 85.008 