87  64  25  72  89  30  98  10  13  78  
47  62  16  29  35  69  17  21  20  22  
80  47  8   83  51  85  85  24  61  4   
39  96  5   7   89  14  51  10  91  41  
63  83  56  75  68  9   53  19  25  51  
26  73  26  40  15  27  58  70  45  47  
68  62  88  32  70  14  90  25  35  53  
16  56  18  34  53  80  12  82  70  32  
78  71  28  52  0   16  17  43  55  22  
70  11  82  93  19  40  14  79  17  26  
94  1   83  27  38  10  96  67  11  30  
87  35  67  52  65  68  20  72  48  38  
65  15  44  8   35  19  95  71  9   34  
42  0   64  58  77  62  17  16  94  90  
57  65  23  94  52  73  58  17  72  67  
5   41  48  21  28  71  51  0   10  51  
79  97  75  53  93  90  98  79  51  35  
17  35  61  48  0   93  76  87  76  64  
55  36  1   83  77  80  88  63  54  53  
95  70  27  52  49  10  0   60  12  99  
