049 009 040 022 075 061 080 044 015 079 
004 080 008 015 008 032 011 041 074 006 
016 009 064 019 089 024 071 067 035 096 
018 091 087 028 066 008 039 029 055 061 
053 027 036 082 025 044 094 038 061 081 
020 015 067 017 048 082 070 002 067 041 
080 067 016 017 029 003 000 017 054 026 
066 089 058 020 065 082 032 011 054 094 
029 095 015 036 048 049 092 013 043 049 
059 047 058 061 044 021 080 093 084 015 
017 092 044 067 046 053 009 044 089 050 
032 044 076 097 047 017 097 092 062 079 
043 005 077 052 052 054 048 027 085 020 
052 000 004 038 025 054 063 049 001 016 
017 090 051 017 099 031 085 096 064 027 
084 011 062 075 038 082 078 004 099 012 
097 029 083 060 017 027 035 050 025 054 
014 019 030 061 088 088 053 095 084 031 
027 075 090 092 057 078 035 082 087 023 
026 020 059 082 066 058 069 078 003 050 
